import numpy as np

# Dictionary of robot poses from franka_tool to world, including joint angles
# Format: { "location_name": {"Tra": [], "Rot": [[]], "Qtn": [], "joints": []} }

FRANKA_POSES = {
    "pick_object": {
        "Tra": None,
        "Rot": None,
        "Qtn": None,
        "joints": np.array([ 0.0300,  0.6594, -0.0879, -1.9265, -0.0025,  2.5827,  0.7151])
    },
    "show_object_in_camera": {
        "Tra": np.array([0.51178952, 0.24366, 0.39954823]),
        "Rot": np.array([
            [0.00272741, 0.99844478, -0.05551023],
            [0.99997947, -0.00251278, 0.00393595],
            [0.00379035, -0.05551982, -0.99845036]
        ]),
        "Qtn": np.array([-0.02100142, 0.70775888, 0.70589868, -0.01826889]),
        "joints": np.array([ 0.9318, -0.0268, -0.4030, -1.7986, -0.0328,  1.7059, -0.2757])
    },
    "robot_not_visible_in_camera": {
        "Tra": np.array([0.42351856, -0.3345705, 0.37615495]),
        "Rot": np.array([
            [-0.02616573, -0.99947967, -0.01834397],
            [0.04283973, 0.01721208, -0.99893366],
            [0.99872962, -0.02692368, 0.04236789]
        ]),
        "Qtn": np.array([0.50828492, 0.47808323, -0.50024777, 0.51266492]),
        "joints": np.array([-0.01340083, -0.38353092, -0.02160497, -1.40441298, 0.02168378, 0.9332119, 0.89377516])
    },
    "top_shelf_left": {
        "Tra": np.array([0.56329997, -0.33620328, 0.57278842]),
        "Rot": np.array([
            [0.03026659, -0.99879392, -0.03841108],
            [0.04451741, 0.0397372, -0.99821796],
            [0.99854038, 0.02850269, 0.0456673]
        ]),
        "Qtn": np.array([0.52812667, 0.48602008, -0.49086304, 0.49387363]),
        "joints": np.array([ 2.2484, -0.0798, -2.5100, -1.6855, -1.6831,  1.7954, -0.6116])
    },
    "top_shelf_middle": {
        "Tra": np.array([0.4232294, -0.34848174, 0.57865003]),
        "Rot": np.array([
            [0.00767457, -0.99898035, -0.04427347],
            [0.04113537, 0.04455227, -0.99815976],
            [0.99911447, 0.00583925, 0.04143614]
        ]),
        "Qtn": np.array([0.52289172, 0.48002243, -0.49885469, 0.49729021]),
        "joints": np.array([ 2.2580,  0.4520, -2.8270, -2.1971, -1.5572,  2.1351, -0.5571])
    },
    "top_shelf_right": {
        "Tra": np.array([0.27815807, -0.33817699, 0.58283813]),
        "Rot": np.array([
            [0.00453452, -0.99780348, -0.06594298],
            [0.02337993, 0.06603078, -0.99754359],
            [0.99970674, 0.00298164, 0.02362845]
        ]),
        "Qtn": np.array([0.52301858, 0.47824555, -0.50937469, 0.48812004]),
        "joints": np.array([ 1.9002,  0.8181, -2.8671, -2.4652, -1.5567,  2.6514, -0.5731])
    },
    "middle_shelf_left": {
        "Tra": np.array([0.57022731, -0.33570752, 0.37371842]),
        "Rot": np.array([
            [-0.01231422, -0.99989222, -0.00668319],
            [0.04218896, 0.00615813, -0.99909065],
            [0.99902412, -0.01258498, 0.0421094]
        ]),
        "Qtn": np.array([0.50890896, 0.48461796, -0.49405071, 0.51191926]),
        "joints": np.array([ 2.0809, -0.2800, -2.3180, -1.9437, -1.9236,  1.6641, -0.1818])
    },
    "middle_shelf_middle": {
        "Tra": np.array([0.42351856, -0.3345705, 0.37615495]),
        "Rot": np.array([
            [-0.02616573, -0.99947967, -0.01834397],
            [0.04283973, 0.01721208, -0.99893366],
            [0.99872962, -0.02692368, 0.04236789]
        ]),
        "Qtn": np.array([0.50828492, 0.47808323, -0.50024777, 0.51266492]),
        "joints": np.array([ 1.8599,  0.2578, -2.3344, -2.3796, -1.6724,  2.0280, -0.0802])
    },
    "middle_shelf_right": {
        "Tra": np.array([0.30077952, -0.34184583, 0.38097215]),
        "Rot": np.array([
            [-0.007049886, -0.99832203, -0.05730823],
            [-0.00003175, 0.05730933, -0.99835643],
            [0.99996552, -0.00703647, -0.00043573]
        ]),
        "Qtn": np.array([0.51230453, 0.48375522, -0.51594008, 0.48715667]),
        "joints": np.array([ 1.8593,  0.6664, -2.5313, -2.7066, -1.7789,  2.3423,  0.0286])
    },
    "bottom_shelf_left": {
        "Tra": np.array([0.56694141, -0.35263154, 0.18624124]),
        "Rot": np.array([
            [-0.0150027, -0.99969767, -0.0189799],
            [0.05792871, 0.01808093, -0.99815694],
            [0.99819834, -0.01607453, 0.05764104]
        ]),
        "Qtn": np.array([0.51495613, 0.47677964, -0.49381791, 0.5134546]),
        "joints": np.array([ 0.6012,  0.8329, -1.0322, -2.0190, -1.3166,  2.2276,  0.1087])
    },
    "bottom_shelf_middle": {
        "Tra": np.array([0.44242919, -0.35513238, 0.18102664]),
        "Rot": np.array([
            [-0.01635993, -0.99979741, -0.01087429],
            [0.03052302, 0.01037117, -0.99948025],
            [0.99939054, -0.01668334, 0.03034775]
        ]),
        "Qtn": np.array([0.50605311, 0.48552064, -0.49909032, 0.50899817]),
        "joints": np.array([ 0.7313,  0.6751, -1.1879, -2.3673, -1.5970,  2.2264,  0.4077])
    },
    "bottom_shelf_right": {
        "Tra": np.array([0.3057379, -0.34328652, 0.17670448]),
        "Rot": np.array([
            [-0.00496593, -0.99996709, 0.00468053],
            [-0.01704553, -0.00459522, -0.99984415],
            [0.99983275, -0.00504494, -0.01702248]
        ]),
        "Qtn": np.array([-0.49330453, -0.5041409, 0.50432955, -0.49813117]),
        "joints": np.array([ 0.9345,  0.5690, -1.4637, -2.6812, -1.8380,  2.2339,  0.5929])
    }
}