pick object
joints: 
[ 0.21168132  0.72766357 -0.37000969 -1.93179896  0.38561279  2.55612022
  0.40040743]

show object in camera
[ 0.19599031  0.14058544  0.42444219 -1.6334292  -0.01204224  1.74077316
  2.87424463]

pose: 
Tra: [0.51178952 0.24366    0.39954823]
 Rot: [[ 0.00272741  0.99844478 -0.05551023]
 [ 0.99997947 -0.00251278  0.00393595]
 [ 0.00379035 -0.05551982 -0.99845036]]
 Qtn: [-0.02100142  0.70775888  0.70589868 -0.01826889]
 from franka_tool to world
Enter a number: 

robot not visible in camera poseTra: [ 0.42351856 -0.3345705   0.37615495]
 Rot: [[-0.02616573 -0.99947967 -0.01834397]
 [ 0.04283973  0.01721208 -0.99893366]
 [ 0.99872962 -0.02692368  0.04236789]]
 Qtn: [ 0.50828492  0.47808323 -0.50024777  0.51266492]
 joints: 
[-0.01340083 -0.38353092 -0.02160497 -1.40441298  0.02168378  0.9332119
  0.89377516]

bottom shelf left most
pose: 
joints: 
[ 0.43970075  0.94552192 -0.80638815 -1.80976348 -1.31932182  2.12800957
  0.1108831 ]

Tra: [ 0.56694141 -0.35263154  0.18624124]
 Rot: [[-0.0150027  -0.99969767 -0.0189799 ]
 [ 0.05792871  0.01808093 -0.99815694]
 [ 0.99819834 -0.01607453  0.05764104]]
 Qtn: [ 0.51495613  0.47677964 -0.49381791  0.5134546 ]
 from franka_tool to world
Enter a number: 

bootom shelf middle
joints: 
[ 0.58148921  0.75318698 -0.92850698 -2.26919102 -1.55166057  2.16105227
  0.43830773]

Tra: [ 0.44242919 -0.35513238  0.18102664]
 Rot: [[-0.01635993 -0.99979741 -0.01087429]
 [ 0.03052302  0.01037117 -0.99948025]
 [ 0.99939054 -0.01668334  0.03034775]]
 Qtn: [ 0.50605311  0.48552064 -0.49909032  0.50899817]
 from franka_tool to world
Enter a number: 

bottom shelf right most
joints: 
[ 0.77218771  0.57190621 -1.16625638 -2.67415616 -1.80798478  2.15977955
  0.6754181 ]

pose: 
Tra: [ 0.3057379  -0.34328652  0.17670448]
 Rot: [[-0.00496593 -0.99996709  0.00468053]
 [-0.01704553 -0.00459522 -0.99984415]
 [ 0.99983275 -0.00504494 -0.01702248]]
 Qtn: [-0.49330453 -0.5041409   0.50432955 -0.49813117]
 from franka_tool to world


middle shelf right most
joints: 
[ 1.23001799  1.60634375 -1.69959145 -3.01054511 -0.024017    3.32142646
  2.28304307]

Tra: [ 0.30077952 -0.34184583  0.Tra: [ 0.42351856 -0.3345705   0.37615495]
 Rot: [[-0.02616573 -0.99947967 -0.01834397]
 [ 0.04283973  0.01721208 -0.99893366]
 [ 0.99872962 -0.02692368  0.04236789]]
 Qtn: [ 0.50828492  0.47808323 -0.50024777  0.51266492]
38097215]
 Rot: [[-7.04988605e-03 -9.98322030e-01 -5.73082359e-02]
 [-3.17511657e-05  5.73093319e-02 -9.98356437e-01]
 [ 9.99965522e-01 -7.03647952e-03 -4.35730536e-04]]
 Qtn: [ 0.51230453  0.48375522 -0.51594008  0.48715667]

top shelf right most
joints: 
[ 1.32957511  1.30687863 -2.32743488 -2.75292054 -0.02641273  3.09029448
  1.55393215]

Tra: [ 0.27815807 -0.33817699  0.58283813]
 Rot: [[ 0.00453452 -0.99780348 -0.06594298]
 [ 0.02337993  0.06603078 -0.99754359]
 [ 0.99970674  0.00298164  0.02362845]]
 Qtn: [ 0.52301858  0.47824555 -0.50937469  0.48812004]

top shelf middle
joints: 
[ 1.12918214  1.19976414 -2.04133844 -2.25675358 -0.02322581  2.70431533
  1.75719669]

Tra: [ 0.4232294  -0.34848174  0.57865003]
 Rot: [[ 0.00767457 -0.99898035 -0.04427347]
 [ 0.04113537  0.04455227 -0.99815976]
 [ 0.99911447  0.00583925  0.04143614]]
 Qtn: [ 0.52289172  0.48002243 -0.49885469  0.49729021]


top shelf left most
joints: 
[ 0.84992282  1.1996917  -1.85592848 -1.77222344  0.08605644  2.45428452
  1.76735634]

Tra: [ 0.56329997 -0.33620328  0.57278842]
 Rot: [[ 0.03026659 -0.99879392 -0.03841108]
 [ 0.04451741  0.0397372  -0.99821796]
 [ 0.99854038  0.02850269  0.0456673 ]]
 Qtn: [ 0.52812667  0.48602008 -0.49086304  0.49387363]
 from franka_tool to world

middle shelf left most
joints: 
[ 0.87911428  1.3070428  -1.63243741 -1.98807143  0.22560788  2.62449731
  1.95555138]

Tra: [ 0.57022731 -0.33570752  0.37371842]
 Rot: [[-0.01231422 -0.99989222 -0.00668319]
 [ 0.04218896  0.00615813 -0.99909065]
 [ 0.99902412 -0.01258498  0.0421094 ]]
 Qtn: [ 0.50890896  0.48461796 -0.49405071  0.51191926]


middle shelf middle
joints: 
[ 1.13167667  1.2770183  -1.72261766 -2.47307721  0.22566028  2.85187413
  1.88159338]

Tra: [ 0.42351856 -0.3345705   0.37615495]
 Rot: [[-0.02616573 -0.99947967 -0.01834397]
 [ 0.04283973  0.01721208 -0.99893366]
 [ 0.99872962 -0.02692368  0.04236789]]
 Qtn: [ 0.50828492  0.47808323 -0.50024777  0.51266492]

